1.010430292829700649e+00
9.467248581587026646e-01
9.996729794082618303e-01
9.801146617696574470e-01
9.744956257535735134e-01
1.028950464745913118e+00
1.014919282589838989e+00
1.205788347033217356e+00
1.248253339578342613e+00
1.073304341617726143e+00
1.314001948619823557e+00
1.479010950047208839e+00
1.237447452508380730e+00
1.342519925128208724e+00
1.172811038174893294e+00
1.225139300533502507e+00
1.458497133818723146e+00
1.344908056813651553e+00
1.573128654165047768e+00
1.633114344291670461e+00
1.829703770904610671e+00
1.901151045374612325e+00
1.937947589489845024e+00
1.902440345986850412e+00
2.076276367392291267e+00
